3 9 9

23.64 0.146 0.0608 0.0608 0.0969 0.0969 0.0969 8.96 8.96 0.31 0.31
6.40 0.8958 0.1198 0.1198 0.8645 0.1969 0.1969 6.0 6.0 0.535 0.535
3.01 1.3125 0.1813 0.1813 1.2578 0.25 0.25 5.89 5.89 0.6 0.6

20.0 0.2 1.0 0.314 0.063 0.35
20.0 0.2 1.0 0.314 0.063 0.35
20.0 0.2 1.0 0.314 0.063 0.35
	
1 4 0.0 0.0576 0.0
2 7 0.0 0.0625 0.0
3 9 0.0 0.0586 0.0
4 5 0.01 0.085 0.088
4 6 0.017 0.092 0.079
5 7 0.032 0.161 0.153
6 9 0.039 0.17 0.179
7 8 0.0085 0.072 0.0745
8 9 0.0119 0.1008 0.1045

1 1 1.04 0 0.716 0.27 0.0 0.0
2 2 1.025 9.3 1.63 0.067 0.0 0.0
3 2 1.025 4.7 0.85 -0.109 0.0 0.0
4 3 1.026 -2.2 0.0 0.0 0.0 0.0
5 3 0.996 -4.0 0.0 0.0 1.25 0.5
6 3 1.013 -3.7 0.0 0.0 0.9 0.3
7 3 1.026 3.7 0.0 0.0 0.0 0.0
8 3 1.016 0.7 0.0 0.0 1.0 0.35
9 3 1.032 2.0 0.0 0.0 0.0 0.0 

0.0 -17.361 0.0 0.0 0.0 0.0 0.0 17.361 0.0 0.0 0.0 0.0 0.0 0.0 0.0 0.0 0.0 0.0
0.0 0.0 0.0 -16.0 0.0 0.0 0.0 0.0 0.0 0.0 0.0 0.0 0.0 16.0 0.0 0.0 0.0 0.0
0.0 0.0 0.0 0.0 0.0 -17.065 0.0 0.0 0.0 0.0 0.0 0.0 0.0 0.0 0.0 0.0 0.0 17.065
0 17.361 0 0 0 0 3.307 -39.309 -1.365 11.604 -1.942 10.511 0 0 0 0 0 0
0 0 0 0 0 0 -1.365 11.604 2.553 -17.338 0 0 -1.188 5.975 0 0 0 0
0 0 0 0 0 0 -1.942 10.511 0 0 3.224 -15.841 0 0 0 0 -1.282 5.588
0 0 0 16 0 0 0 0 -1.188 5.975 0 0 2.805 -35.446 -1.617 13.698 0 0
0 0 0 0 0 0 0 0 0 0 0 0 -1.617 13.698 2.772 -23.303 -1.155 9.784
0 0 0 0 0 17.065 0 0 0 0 -1.282 5.588 0 0 -1.155 9.784 2.437 -32.154



#reference 0 				"SOME CONSTANTS THAT ARE REQUIRED LATER IN STAGES"
			integers(3)		
							Number_of_gens, Number_of_buses	
					
#reference 1 				"THIS IS DATA OF GENERATOR"
			doubles(11)			
							"sub transient values are assummed"
					
							H xd xd' xd" xq xq' xq" tdo' tdo" tqo' tqo"

#reference 2 				"THIS IS EXCITER DATA"
			doubles(6) 		
							ka ta ke te kf tf


#reference 3 				"THIS IS TRANSMISSION LINE DATA"
			int,int,doubles(3)	
							bus , bus , resistance[R] , reactance[X] , susceptance[B]


#reference 4 				"THIS IS LOAD FLOW DATA"
			int,doubles(6)	
							bus_type  V  theta  Pg  Qg  Pl  Ql  [1 is for slack , 2 is for PV, 3 is for PQ ]

	
#reference 5				"THIS IS Y_BUS MATRIX"
			gsl_complex(9)
					