0.0 -17.361 0.0 0.0 0.0 0.0 0.0 17.361 0.0 0.0 0.0 0.0 0.0 0.0 0.0 0.0 0.0 0.0
0.0 0.0 0.0 -16.0 0.0 0.0 0.0 0.0 0.0 0.0 0.0 0.0 0.0 16.0 0.0 0.0 0.0 0.0
0.0 0.0 0.0 0.0 0.0 -17.065 0.0 0.0 0.0 0.0 0.0 0.0 0.0 0.0 0.0 0.0 0.0 17.065
0 17.361 0 0 0 0 3.307 -39.309 -1.365 11.604 -1.942 10.511 0 0 0 0 0 0
0 0 0 0 0 0 -1.365 11.604 2.553 -17.338 0 0 -1.188 5.975 0 0 0 0
0 0 0 0 0 0 -1.942 10.511 0 0 3.224 -15.841 0 0 0 0 -1.282 5.588
0 0 0 16 0 0 0 0 -1.188 5.975 0 0 2.805 -35.446 -1.617 13.698 0 0
0 0 0 0 0 0 0 0 0 0 0 0 -1.617 13.698 2.772 -23.303 -1.155 9.784
0 0 0 0 0 17.065 0 0 0 0 -1.282 5.588 0 0 -1.155 9.784 2.437 -32.154

#reference 5				"THIS IS Y_BUS MATRIX"
			gsl_complex(9)
					
